0.003536   0.003534
0.007071   0.007066
0.010607   0.010596
0.014142   0.014123
0.017678   0.017647
0.021213   0.021169
0.024749   0.024689
0.028284   0.028206
0.031820   0.031720
0.035355   0.035233
0.038891   0.038743
0.042426   0.042250
0.045962   0.045755
0.049497   0.049257
0.053033   0.052757
0.056569   0.056255
0.060104   0.059750
0.063640   0.063242
0.067175   0.066732
0.070711   0.070220
0.074246   0.073705
0.077782   0.077188
0.081317   0.080669
0.084853   0.084146
0.088388   0.087622
0.091924   0.091095
0.095459   0.094565
0.098995   0.098034
0.102530   0.101499
0.106066   0.104962
0.109602   0.108423
0.113137   0.111881
0.116673   0.115337
0.120208   0.118791
0.123744   0.122242
0.127279   0.125690
0.130815   0.129136
0.134350   0.132580
0.137886   0.136021
0.141421   0.139459
0.144957   0.142896
0.148492   0.146329
0.152028   0.149761
0.155563   0.153189
0.159099   0.156616
0.162634   0.160040
0.166170   0.163461
0.169706   0.166880
0.173241   0.170297
0.176777   0.173711
0.180312   0.177123
0.183848   0.180532
0.187383   0.183939
0.190919   0.187343
0.194454   0.190745
0.197990   0.194144
0.201525   0.197541
0.205061   0.200936
0.208596   0.204328
0.212132   0.207717
0.215667   0.211105
0.219203   0.214489
0.222738   0.217871
0.226274   0.221251
0.229810   0.224629
0.233345   0.228004
0.236881   0.231376
0.240416   0.234746
0.243952   0.238114
0.247487   0.241479
0.251023   0.244841
0.254558   0.248201
0.258094   0.251559
0.261629   0.254914
0.265165   0.258267
0.268700   0.261618
0.272236   0.264966
0.275772   0.268311
0.279307   0.271654
0.282843   0.274995
0.286378   0.278333
0.289914   0.281668
0.293449   0.285002
0.296985   0.288332
0.300520   0.291661
0.304056   0.294987
0.307591   0.298310
0.311127   0.301631
0.314663   0.304949
0.318198   0.308265
0.321734   0.311579
0.325269   0.314890
0.328805   0.318199
0.332340   0.321505
0.335876   0.324809
0.339411   0.328110
0.342947   0.331409
0.346482   0.334706
0.350018   0.337999
0.353553   0.341291
0.357089   0.344580
0.360625   0.347867
0.364160   0.351151
0.367696   0.354433
0.371231   0.357712
0.374767   0.360989
0.378302   0.364263
0.381838   0.367535
0.385373   0.370804
0.388909   0.374071
0.392444   0.377336
0.395980   0.380598
0.399516   0.383858
0.403051   0.387115
0.406587   0.390369
0.410122   0.393622
0.413658   0.396872
0.417193   0.400119
0.420729   0.403364
0.424264   0.406606
0.427800   0.409846
0.431335   0.413084
0.434871   0.416319
0.438406   0.419552
0.441942   0.422782
0.445478   0.426010
0.449013   0.429235
0.452549   0.432458
0.456084   0.435678
0.459620   0.438896
0.463155   0.442112
0.466691   0.445325
0.470226   0.448535
0.473762   0.451743
0.477297   0.454949
0.480833   0.458152
0.484368   0.461353
0.487904   0.464551
0.491440   0.467747
0.494975   0.470941
0.498511   0.474132
0.502046   0.477320
0.505582   0.480506
0.509117   0.483690
0.512653   0.486871
0.516188   0.490050
0.519724   0.493226
0.523259   0.496400
0.526795   0.499571
0.530331   0.502740
0.533866   0.505906
0.537402   0.509070
0.540937   0.512232
0.544473   0.515391
0.548008   0.518548
0.551544   0.521702
0.555079   0.524853
0.558615   0.528003
0.562150   0.531150
0.565686   0.534294
0.569221   0.537436
0.572757   0.540575
0.576293   0.543712
0.579828   0.546847
0.583364   0.549979
0.586899   0.553109
0.590435   0.556236
0.593970   0.559361
0.597506   0.562483
0.601041   0.565603
0.604577   0.568720
0.608112   0.571835
0.611648   0.574947
0.615183   0.578058
0.618719   0.581165
0.622255   0.584270
0.625790   0.587373
0.629326   0.590473
0.632861   0.593571
0.636397   0.596666
0.639932   0.599759
0.643468   0.602849
0.647003   0.605937
0.650539   0.609023
0.654074   0.612106
0.657610   0.615187
0.661146   0.618265
0.664681   0.621340
0.668217   0.624414
0.671752   0.627484
0.675288   0.630553
0.678823   0.633619
0.682359   0.636682
0.685894   0.639743
0.689430   0.642802
0.692965   0.645858
0.696501   0.648911
0.700036   0.651963
0.703572   0.655011
0.707108   0.658058
0.710643   0.661101
0.714179   0.664143
0.717714   0.667182
0.721250   0.670218
0.724785   0.673252
0.728321   0.676284
0.731856   0.679313
0.735392   0.682339
0.738927   0.685364
0.742463   0.688385
0.745999   0.691405
0.749534   0.694421
0.753070   0.697436
0.756605   0.700448
0.760141   0.703457
0.763676   0.706464
0.767212   0.709469
0.770747   0.712471
0.774283   0.715471
0.777818   0.718468
0.781354   0.721463
0.784889   0.724455
0.788425   0.727445
0.791961   0.730432
0.795496   0.733417
0.799032   0.736400
0.802567   0.739380
0.806103   0.742357
0.809638   0.745332
0.813174   0.748305
0.816709   0.751275
0.820245   0.754243
0.823780   0.757208
0.827316   0.760171
0.830851   0.763132
0.834387   0.766090
0.837923   0.769045
0.841458   0.771998
0.844994   0.774949
0.848529   0.777897
0.852065   0.780843
0.855600   0.783786
0.859136   0.786727
0.862671   0.789665
0.866207   0.792601
0.869742   0.795535
0.873278   0.798466
0.876814   0.801394
0.880349   0.804320
0.883885   0.807244
0.887420   0.810165
0.890956   0.813084
0.894491   0.816000
0.898027   0.818914
0.901562   0.821825
0.905098   0.824734
0.908633   0.827640
0.912169   0.830544
0.915704   0.833446
0.919240   0.836345
0.922775   0.839242
0.926310   0.842136
0.929846   0.845027
0.933381   0.847917
0.936917   0.850803
0.940452   0.853688
0.943988   0.856570
0.947523   0.859449
0.951059   0.862326
0.954594   0.865201
0.958130   0.868073
0.961665   0.870942
0.965201   0.873810
0.968736   0.876674
0.972272   0.879537
0.975807   0.882397
0.979343   0.885254
0.982878   0.888109
0.986414   0.890961
0.989949   0.893811
0.993485   0.896659
0.997020   0.899504
1.000556   0.902347
1.004091   0.905187
1.007627   0.908025
1.011162   0.910860
1.014698   0.913693
1.018233   0.916523
1.021769   0.919351
1.025304   0.922177
1.028840   0.925000
1.032375   0.927820
1.035911   0.930638
1.039446   0.933454
1.042982   0.936267
1.046517   0.939078
1.050053   0.941887
1.053588   0.944692
1.057124   0.947496
1.060659   0.950297
1.064195   0.953095
1.067730   0.955891
1.071265   0.958685
1.074801   0.961476
1.078336   0.964265
1.081872   0.967051
1.085407   0.969835
1.088943   0.972616
1.092478   0.975395
1.096014   0.978172
1.099549   0.980946
1.103085   0.983717
1.106620   0.986486
1.110156   0.989253
1.113691   0.992017
1.117227   0.994779
1.120762   0.997538
1.124298   1.000295
1.127833   1.003049
1.131369   1.005801
1.134904   1.008551
1.138440   1.011298
1.141975   1.014042
1.145511   1.016784
1.149046   1.019524
1.152582   1.022261
1.156117   1.024996
1.159653   1.027728
1.163188   1.030458
1.166724   1.033186
1.170259   1.035911
1.173795   1.038633
1.177330   1.041353
1.180866   1.044071
1.184401   1.046786
1.187937   1.049499
1.191472   1.052209
1.195008   1.054917
1.198543   1.057622
1.202079   1.060325
1.205614   1.063025
1.209150   1.065723
1.212685   1.068419
1.216220   1.071112
1.219756   1.073802
1.223292   1.076491
1.226827   1.079176
1.230362   1.081860
1.233898   1.084540
1.237433   1.087219
1.240969   1.089895
1.244504   1.092568
1.248040   1.095239
1.251575   1.097908
1.255111   1.100574
1.258646   1.103237
1.262182   1.105898
1.265717   1.108557
1.269253   1.111214
1.272788   1.113867
1.276324   1.116519
1.279859   1.119168
1.283395   1.121814
1.286930   1.124458
1.290466   1.127100
1.294001   1.129739
1.297537   1.132375
1.301072   1.135010
1.304608   1.137641
1.308143   1.140271
1.311679   1.142898
1.315214   1.145522
1.318750   1.148144
1.322285   1.150763
1.325821   1.153381
1.329356   1.155995
1.332892   1.158607
1.336427   1.161217
1.339963   1.163824
1.343498   1.166429
1.347034   1.169031
1.350569   1.171631
1.354105   1.174229
1.357640   1.176823
1.361176   1.179416
1.364711   1.182006
1.368247   1.184594
1.371782   1.187179
1.375317   1.189762
1.378853   1.192342
1.382388   1.194920
1.385924   1.197495
1.389459   1.200068
1.392995   1.202638
1.396530   1.205206
1.400066   1.207772
1.403601   1.210335
1.407137   1.212896
1.410672   1.215454
1.414208   1.218009
1.417743   1.220563
1.421279   1.223114
1.424814   1.225662
1.428350   1.228208
1.431885   1.230751
1.435421   1.233292
1.438956   1.235831
1.442492   1.238367
1.446027   1.240901
1.449563   1.243432
1.453098   1.245961
1.456634   1.248487
1.460169   1.251011
1.463705   1.253532
1.467240   1.256051
1.470776   1.258568
1.474311   1.261082
1.477847   1.263593
1.481382   1.266102
1.484918   1.268609
1.488453   1.271113
1.491989   1.273615
1.495524   1.276114
1.499060   1.278611
1.502595   1.281106
1.506131   1.283598
1.509666   1.286087
1.513202   1.288574
1.516737   1.291059
1.520272   1.293541
1.523808   1.296021
1.527344   1.298498
1.530879   1.300973
1.534414   1.303445
1.537950   1.305915
1.541485   1.308383
1.545021   1.310848
1.548556   1.313310
1.552092   1.315770
1.555627   1.318228
1.559163   1.320683
1.562698   1.323136
1.566234   1.325586
1.569769   1.328034
1.573305   1.330479
1.576840   1.332922
1.580376   1.335363
1.583911   1.337801
1.587447   1.340236
1.590982   1.342669
1.594518   1.345100
1.598053   1.347528
1.601589   1.349954
1.605124   1.352377
1.608660   1.354798
1.612195   1.357216
1.615731   1.359632
1.619266   1.362046
1.622802   1.364457
1.626337   1.366865
1.629873   1.369272
1.633408   1.371675
1.636944   1.374076
1.640479   1.376475
1.644015   1.378872
1.647550   1.381265
1.651086   1.383657
1.654621   1.386046
1.658157   1.388432
1.661692   1.390816
1.665228   1.393198
1.668763   1.395577
1.672299   1.397954
1.675834   1.400328
1.679369   1.402700
1.682905   1.405069
1.686440   1.407436
1.689976   1.409801
1.693511   1.412163
1.697047   1.414522
1.700582   1.416879
1.704118   1.419234
1.707653   1.421586
1.711189   1.423936
1.714724   1.426283
1.718260   1.428628
1.721795   1.430970
1.725331   1.433310
1.728866   1.435647
1.732402   1.437983
1.735937   1.440315
1.739473   1.442645
1.743008   1.444973
1.746544   1.447298
1.750079   1.449621
1.753615   1.451941
1.757150   1.454259
1.760686   1.456574
1.764221   1.458887
1.767757   1.461198
1.771292   1.463506
1.774828   1.465811
1.778363   1.468115
1.781899   1.470415
1.785434   1.472713
1.788970   1.475009
1.792505   1.477303
1.796041   1.479594
1.799576   1.481882
1.803112   1.484168
1.806647   1.486451
1.810183   1.488732
1.813718   1.491011
1.817254   1.493287
1.820789   1.495561
1.824325   1.497832
1.827860   1.500101
1.831396   1.502367
1.834931   1.504631
1.838467   1.506893
1.842002   1.509152
1.845538   1.511408
1.849073   1.513662
1.852609   1.515914
1.856144   1.518163
1.859679   1.520410
1.863215   1.522654
1.866750   1.524896
1.870286   1.527135
1.873821   1.529372
1.877357   1.531607
1.880892   1.533839
1.884428   1.536068
1.887963   1.538295
1.891499   1.540520
1.895034   1.542742
1.898570   1.544962
1.902105   1.547179
1.905641   1.549394
1.909176   1.551606
1.912712   1.553816
1.916247   1.556024
1.919783   1.558229
1.923318   1.560431
1.926854   1.562631
1.930389   1.564829
1.933925   1.567024
1.937460   1.569217
1.940996   1.571408
1.944531   1.573595
1.948067   1.575781
1.951602   1.577964
1.955138   1.580144
1.958673   1.582322
1.962209   1.584498
1.965744   1.586671
1.969280   1.588842
1.972815   1.591010
1.976351   1.593176
1.979886   1.595339
1.983422   1.597500
1.986957   1.599658
1.990493   1.601815
1.994028   1.603968
1.997563   1.606119
2.001099   1.608268
2.004635   1.610414
2.008170   1.612558
2.011705   1.614699
2.015241   1.616838
2.018776   1.618974
2.022312   1.621108
2.025847   1.623239
2.029383   1.625368
2.032918   1.627495
2.036454   1.629619
2.039989   1.631741
2.043525   1.633860
2.047060   1.635977
2.050596   1.638091
2.054131   1.640203
2.057667   1.642312
2.061202   1.644419
2.064738   1.646524
2.068273   1.648626
2.071809   1.650725
2.075344   1.652822
2.078880   1.654917
2.082415   1.657009
2.085951   1.659099
2.089486   1.661186
2.093022   1.663271
2.096557   1.665354
2.100093   1.667434
2.103628   1.669511
2.107164   1.671586
2.110699   1.673659
2.114235   1.675729
2.117770   1.677797
2.121306   1.679862
2.124841   1.681925
2.128377   1.683985
2.131912   1.686043
2.135448   1.688098
2.138983   1.690151
2.142519   1.692202
2.146054   1.694250
2.149590   1.696295
2.153125   1.698339
2.156661   1.700379
2.160196   1.702418
2.163732   1.704453
2.167267   1.706487
2.170802   1.708518
2.174338   1.710546
2.177873   1.712572
2.181409   1.714596
2.184944   1.716617
2.188480   1.718635
2.192015   1.720652
2.195551   1.722665
2.199086   1.724677
2.202622   1.726686
2.206157   1.728692
2.209693   1.730696
2.213228   1.732697
2.216764   1.734696
2.220299   1.736693
2.223835   1.738687
2.227370   1.740679
2.230906   1.742668
2.234441   1.744655
2.237977   1.746639
2.241512   1.748621
2.245048   1.750600
2.248583   1.752577
2.252119   1.754552
2.255654   1.756524
2.259190   1.758493
2.262725   1.760460
2.266261   1.762425
2.269796   1.764387
2.273332   1.766347
2.276867   1.768305
2.280403   1.770259
2.283938   1.772212
2.287474   1.774162
2.291009   1.776109
2.294544   1.778054
2.298080   1.779997
2.301615   1.781937
2.305151   1.783875
2.308686   1.785810
2.312222   1.787743
2.315758   1.789673
2.319293   1.791601
2.322829   1.793527
2.326364   1.795450
2.329900   1.797370
2.333435   1.799289
2.336970   1.801204
2.340506   1.803117
2.344041   1.805028
2.347577   1.806936
2.351112   1.808842
2.354648   1.810746
2.358183   1.812647
2.361719   1.814545
2.365254   1.816441
2.368790   1.818335
2.372325   1.820226
2.375861   1.822114
2.379396   1.824001
2.382932   1.825884
2.386467   1.827766
2.390003   1.829644
2.393538   1.831521
2.397074   1.833395
2.400609   1.835266
2.404145   1.837135
2.407680   1.839002
2.411216   1.840866
2.414751   1.842728
2.418287   1.844587
2.421822   1.846444
2.425358   1.848298
2.428893   1.850150
2.432429   1.852000
2.435964   1.853846
2.439500   1.855691
2.443035   1.857533
2.446571   1.859373
2.450106   1.861210
2.453641   1.863045
2.457177   1.864877
2.460712   1.866707
2.464248   1.868534
2.467783   1.870359
2.471319   1.872181
2.474854   1.874001
2.478390   1.875819
2.481925   1.877634
2.485461   1.879447
2.488997   1.881257
2.492532   1.883065
2.496067   1.884870
2.499603   1.886673
2.503138   1.888473
2.506674   1.890271
2.510209   1.892066
2.513745   1.893860
2.517280   1.895650
2.520816   1.897438
2.524351   1.899224
2.527887   1.901007
2.531422   1.902788
2.534958   1.904566
2.538493   1.906342
2.542029   1.908115
2.545564   1.909886
2.549100   1.911655
2.552635   1.913421
2.556171   1.915184
2.559706   1.916946
2.563242   1.918704
2.566777   1.920461
2.570313   1.922214
2.573848   1.923966
2.577384   1.925714
2.580919   1.927461
2.584455   1.929205
2.587990   1.930946
2.591526   1.932686
2.595061   1.934422
2.598597   1.936156
2.602132   1.937888
2.605668   1.939617
2.609203   1.941344
2.612739   1.943069
2.616274   1.944790
2.619809   1.946510
2.623345   1.948227
2.626880   1.949941
2.630416   1.951653
2.633951   1.953363
2.637487   1.955070
2.641022   1.956775
2.644558   1.958477
2.648093   1.960177
2.651629   1.961875
2.655164   1.963570
2.658700   1.965262
2.662235   1.966952
2.665771   1.968639
2.669306   1.970325
2.672842   1.972007
2.676377   1.973688
2.679913   1.975365
2.683448   1.977041
2.686984   1.978713
2.690519   1.980384
2.694055   1.982052
2.697590   1.983717
2.701126   1.985380
2.704661   1.987041
2.708197   1.988699
2.711732   1.990355
2.715268   1.992008
2.718803   1.993659
2.722339   1.995307
2.725874   1.996953
2.729410   1.998596
2.732945   2.000237
2.736481   2.001876
2.740016   2.003512
2.743551   2.005146
2.747087   2.006777
2.750623   2.008405
2.754158   2.010032
2.757694   2.011656
2.761229   2.013277
2.764765   2.014896
2.768300   2.016512
2.771836   2.018126
2.775371   2.019738
2.778906   2.021347
2.782442   2.022954
2.785977   2.024558
2.789513   2.026159
2.793048   2.027759
2.796584   2.029356
2.800119   2.030950
2.803655   2.032542
2.807190   2.034131
2.810726   2.035718
2.814261   2.037303
2.817797   2.038885
2.821332   2.040465
2.824868   2.042042
2.828403   2.043617
2.831939   2.045189
2.835474   2.046759
2.839010   2.048326
2.842545   2.049891
2.846081   2.051454
2.849616   2.053014
2.853152   2.054571
2.856687   2.056126
2.860223   2.057679
2.863758   2.059229
2.867294   2.060777
2.870829   2.062322
2.874365   2.063865
2.877900   2.065406
2.881436   2.066944
2.884971   2.068479
2.888507   2.070012
2.892042   2.071543
2.895578   2.073071
2.899113   2.074597
2.902648   2.076120
2.906184   2.077641
2.909719   2.079159
2.913255   2.080675
2.916790   2.082188
2.920326   2.083699
2.923862   2.085208
2.927397   2.086714
2.930933   2.088218
2.934468   2.089719
2.938004   2.091218
2.941539   2.092714
2.945074   2.094208
2.948610   2.095699
2.952145   2.097188
2.955681   2.098675
2.959216   2.100158
2.962752   2.101640
2.966287   2.103119
2.969823   2.104596
2.973358   2.106070
2.976894   2.107542
2.980429   2.109011
2.983965   2.110478
2.987500   2.111942
2.991036   2.113404
2.994571   2.114864
2.998107   2.116321
3.001642   2.117775
3.005178   2.119227
3.008713   2.120677
3.012249   2.122124
3.015784   2.123569
3.019320   2.125012
3.022855   2.126451
3.026391   2.127889
3.029926   2.129324
3.033462   2.130756
3.036997   2.132186
3.040533   2.133614
3.044068   2.135039
3.047604   2.136462
3.051139   2.137882
3.054675   2.139300
3.058210   2.140715
3.061745   2.142128
3.065281   2.143539
3.068816   2.144947
3.072352   2.146352
3.075887   2.147755
3.079423   2.149156
3.082958   2.150554
3.086494   2.151950
3.090029   2.153343
3.093565   2.154734
3.097100   2.156122
3.100636   2.157508
3.104171   2.158892
3.107707   2.160273
3.111242   2.161651
3.114778   2.163027
3.118313   2.164401
3.121849   2.165772
3.125384   2.167141
3.128920   2.168507
3.132455   2.169871
3.135991   2.171232
3.139526   2.172591
3.143062   2.173948
3.146597   2.175302
3.150133   2.176653
3.153668   2.178003
3.157204   2.179349
3.160739   2.180694
3.164275   2.182035
3.167810   2.183375
3.171346   2.184711
3.174881   2.186046
3.178417   2.187378
3.181952   2.188707
3.185488   2.190034
3.189023   2.191359
3.192559   2.192681
3.196094   2.194001
3.199630   2.195318
3.203165   2.196633
3.206701   2.197945
3.210236   2.199255
3.213772   2.200563
3.217307   2.201868
3.220843   2.203170
3.224378   2.204470
3.227913   2.205768
3.231449   2.207063
3.234984   2.208356
3.238520   2.209646
3.242055   2.210934
3.245591   2.212219
3.249126   2.213502
3.252662   2.214783
3.256197   2.216061
3.259733   2.217336
3.263268   2.218609
3.266804   2.219880
3.270339   2.221148
3.273875   2.222414
3.277410   2.223677
3.280946   2.224938
3.284481   2.226197
3.288017   2.227453
3.291552   2.228706
3.295088   2.229957
3.298623   2.231205
3.302159   2.232452
3.305694   2.233696
3.309230   2.234936
3.312765   2.236175
3.316301   2.237411
3.319836   2.238646
3.323372   2.239877
3.326907   2.241106
3.330443   2.242332
3.333978   2.243556
3.337514   2.244778
3.341049   2.245997
3.344585   2.247214
3.348120   2.248428
3.351655   2.249640
3.355191   2.250849
3.358727   2.252056
3.362262   2.253261
3.365798   2.254463
3.369333   2.255662
3.372869   2.256859
3.376404   2.258054
3.379940   2.259246
3.383475   2.260436
3.387010   2.261623
3.390546   2.262808
3.394081   2.263990
3.397617   2.265170
3.401152   2.266348
3.404688   2.267523
3.408223   2.268695
3.411759   2.269865
3.415294   2.271033
3.418830   2.272198
3.422365   2.273361
3.425901   2.274521
3.429436   2.275679
3.432972   2.276834
3.436507   2.277987
3.440043   2.279138
3.443578   2.280286
3.447114   2.281431
3.450649   2.282575
3.454185   2.283715
3.457720   2.284853
3.461256   2.285989
3.464791   2.287122
3.468327   2.288253
3.471862   2.289382
3.475398   2.290508
3.478933   2.291631
3.482469   2.292752
3.486004   2.293871
3.489540   2.294987
3.493075   2.296101
3.496611   2.297212
3.500146   2.298321
3.503682   2.299427
3.507217   2.300531
3.510752   2.301632
3.514288   2.302732
3.517823   2.303828
3.521359   2.304922
3.524894   2.306014
3.528430   2.307103
3.531965   2.308190
3.535501   2.309274
3.539037   2.310356
3.542572   2.311435
3.546108   2.312512
3.549644   2.313587
3.553180   2.314659
3.556715   2.315728
3.560251   2.316796
3.563787   2.317860
3.567322   2.318923
3.570858   2.319982
3.574394   2.321040
3.577929   2.322095
3.581465   2.323147
3.585001   2.324197
3.588537   2.325244
3.592072   2.326290
3.595608   2.327332
3.599144   2.328372
3.602679   2.329410
3.606215   2.330445
3.609751   2.331478
3.613286   2.332509
3.616822   2.333537
3.620358   2.334562
3.623893   2.335585
3.627429   2.336606
3.630965   2.337624
3.634501   2.338639
3.638036   2.339653
3.641572   2.340663
3.645108   2.341672
3.648643   2.342677
3.652179   2.343681
3.655715   2.344682
3.659250   2.345680
3.662786   2.346676
3.666322   2.347670
3.669858   2.348661
3.673393   2.349650
3.676929   2.350636
3.680465   2.351620
3.684000   2.352601
3.687536   2.353580
3.691072   2.354556
3.694607   2.355530
3.698143   2.356502
3.701679   2.357471
3.705215   2.358438
3.708750   2.359402
3.712286   2.360363
3.715822   2.361323
3.719357   2.362279
3.722893   2.363234
3.726429   2.364186
3.729964   2.365135
3.733500   2.366082
3.737036   2.367027
3.740571   2.367969
3.744107   2.368908
3.747643   2.369845
3.751179   2.370780
3.754714   2.371712
3.758250   2.372642
3.761786   2.373569
3.765321   2.374495
3.768857   2.375417
3.772393   2.376337
3.775928   2.377254
3.779464   2.378170
3.783000   2.379082
3.786536   2.379992
3.790071   2.380900
3.793607   2.381805
3.797143   2.382708
3.800678   2.383609
3.804214   2.384507
3.807750   2.385402
3.811285   2.386295
3.814821   2.387186
3.818357   2.388074
3.821892   2.388959
3.825428   2.389843
3.828964   2.390723
3.832500   2.391602
3.836035   2.392478
3.839571   2.393351
3.843107   2.394222
3.846642   2.395090
3.850178   2.395956
3.853714   2.396820
3.857249   2.397681
3.860785   2.398540
3.864321   2.399396
3.867857   2.400250
3.871392   2.401101
3.874928   2.401950
3.878464   2.402797
3.881999   2.403641
3.885535   2.404482
3.889071   2.405321
3.892606   2.406157
3.896142   2.406992
3.899678   2.407823
3.903214   2.408653
3.906749   2.409479
3.910285   2.410304
3.913821   2.411126
3.917356   2.411945
3.920892   2.412762
3.924428   2.413577
3.927963   2.414389
3.931499   2.415198
3.935035   2.416006
3.938571   2.416810
3.942106   2.417613
3.945642   2.418412
3.949178   2.419210
3.952713   2.420005
3.956249   2.420797
3.959785   2.421587
3.963320   2.422374
3.966856   2.423160
3.970392   2.423942
3.973928   2.424722
3.977463   2.425500
3.980999   2.426275
3.984535   2.427048
3.988070   2.427819
3.991606   2.428587
3.995142   2.429352
3.998677   2.430115
4.002213   2.430876
4.005749   2.431634
4.009284   2.432389
4.012820   2.433143
4.016356   2.433894
4.019892   2.434642
4.023427   2.435388
4.026963   2.436131
4.030499   2.436872
4.034035   2.437611
4.037570   2.438347
4.041106   2.439080
4.044641   2.439811
4.048177   2.440540
4.051713   2.441266
4.055249   2.441990
4.058784   2.442711
4.062320   2.443430
4.065856   2.444147
4.069392   2.444861
4.072927   2.445572
4.076463   2.446281
4.079998   2.446988
4.083534   2.447692
4.087070   2.448394
4.090606   2.449093
4.094141   2.449790
4.097677   2.450484
4.101213   2.451176
4.104749   2.451866
4.108284   2.452553
4.111820   2.453237
4.115355   2.453919
4.118891   2.454599
4.122427   2.455276
4.125963   2.455951
4.129498   2.456623
4.133034   2.457293
4.136570   2.457960
4.140106   2.458625
4.143641   2.459288
4.147177   2.459948
4.150712   2.460605
4.154248   2.461260
4.157784   2.461913
4.161320   2.462563
4.164855   2.463211
4.168391   2.463856
4.171927   2.464499
4.175462   2.465139
4.178998   2.465777
4.182534   2.466413
4.186069   2.467046
4.189605   2.467676
4.193141   2.468304
4.196677   2.468930
4.200212   2.469553
4.203748   2.470174
4.207284   2.470792
4.210819   2.471408
4.214355   2.472022
4.217891   2.472633
4.221426   2.473241
4.224962   2.473847
4.228498   2.474451
4.232034   2.475052
4.235569   2.475651
4.239105   2.476247
4.242641   2.476841
4.246176   2.477432
4.249712   2.478021
4.253248   2.478607
4.256783   2.479191
4.260319   2.479773
4.263855   2.480352
4.267391   2.480928
4.270926   2.481503
4.274462   2.482074
4.277998   2.482644
4.281533   2.483211
4.285069   2.483775
4.288605   2.484337
4.292140   2.484896
4.295676   2.485453
4.299212   2.486008
4.302748   2.486560
4.306283   2.487109
4.309819   2.487657
4.313355   2.488201
4.316890   2.488744
4.320426   2.489284
4.323962   2.489821
4.327497   2.490356
4.331033   2.490888
4.334569   2.491418
4.338105   2.491946
4.341640   2.492471
4.345176   2.492994
4.348712   2.493514
4.352247   2.494032
4.355783   2.494547
4.359319   2.495060
4.362854   2.495570
4.366390   2.496078
4.369926   2.496584
4.373462   2.497087
4.376997   2.497587
4.380533   2.498085
4.384068   2.498581
4.387604   2.499074
4.391140   2.499565
4.394676   2.500053
4.398211   2.500539
4.401747   2.501023
4.405283   2.501504
4.408819   2.501982
4.412354   2.502458
4.415890   2.502932
4.419425   2.503403
4.422961   2.503872
4.426497   2.504338
4.430033   2.504802
4.433568   2.505263
4.437104   2.505722
4.440640   2.506178
4.444176   2.506632
4.447711   2.507084
4.451247   2.507533
4.454782   2.507980
4.458318   2.508424
4.461854   2.508865
4.465390   2.509305
4.468925   2.509742
4.472461   2.510176
4.475997   2.510608
4.479533   2.511037
4.483068   2.511464
4.486604   2.511889
4.490139   2.512311
4.493675   2.512730
4.497211   2.513148
4.500747   2.513562
4.504282   2.513975
4.507818   2.514385
4.511354   2.514792
4.514890   2.515197
4.518425   2.515599
4.521961   2.515999
4.525496   2.516397
4.529032   2.516792
4.532568   2.517184
4.536104   2.517575
4.539639   2.517963
4.543175   2.518348
4.546711   2.518731
4.550247   2.519111
4.553782   2.519489
4.557318   2.519865
4.560853   2.520238
4.564389   2.520608
4.567925   2.520976
4.571461   2.521342
4.574996   2.521705
4.578532   2.522066
4.582068   2.522424
4.585604   2.522780
4.589139   2.523134
4.592675   2.523485
4.596210   2.523833
4.599746   2.524179
4.603282   2.524523
4.606818   2.524864
4.610353   2.525203
4.613889   2.525539
4.617425   2.525873
4.620961   2.526204
4.624496   2.526533
4.628032   2.526860
4.631567   2.527184
4.635103   2.527505
4.638639   2.527824
4.642175   2.528141
4.645710   2.528455
4.649246   2.528767
4.652782   2.529076
4.656318   2.529383
4.659853   2.529687
4.663389   2.529989
4.666924   2.530288
4.670460   2.530585
4.673996   2.530880
4.677532   2.531172
4.681067   2.531462
4.684603   2.531749
4.688139   2.532034
4.691675   2.532316
4.695210   2.532596
4.698746   2.532873
4.702281   2.533148
4.705817   2.533421
4.709353   2.533691
4.712889   2.533958
4.716424   2.534224
4.719960   2.534486
4.723496   2.534746
4.727032   2.535004
4.730567   2.535259
4.734103   2.535512
4.737638   2.535763
4.741174   2.536011
4.744710   2.536256
4.748246   2.536499
4.751781   2.536740
4.755317   2.536978
4.758853   2.537214
4.762389   2.537447
4.765924   2.537678
4.769460   2.537906
4.772995   2.538132
4.776531   2.538355
4.780067   2.538576
4.783603   2.538795
4.787138   2.539011
4.790674   2.539224
4.794210   2.539435
4.797746   2.539644
4.801281   2.539850
4.804817   2.540054
4.808352   2.540256
4.811888   2.540454
4.815424   2.540651
4.818960   2.540845
4.822495   2.541037
4.826031   2.541225
4.829567   2.541412
4.833103   2.541596
4.836638   2.541778
4.840174   2.541957
4.843709   2.542134
4.847245   2.542309
4.850781   2.542480
4.854317   2.542650
4.857852   2.542817
4.861388   2.542981
4.864924   2.543144
4.868460   2.543303
4.871995   2.543461
4.875531   2.543615
4.879066   2.543767
4.882602   2.543917
4.886138   2.544065
4.889674   2.544210
4.893209   2.544352
4.896745   2.544492
4.900281   2.544630
4.903817   2.544765
4.907352   2.544898
4.910888   2.545028
4.914423   2.545156
4.917959   2.545281
4.921495   2.545404
4.925031   2.545524
4.928566   2.545642
4.932102   2.545758
4.935638   2.545871
4.939174   2.545981
4.942709   2.546090
4.946245   2.546195
4.949780   2.546298
4.953316   2.546399
4.956852   2.546498
4.960388   2.546593
4.963923   2.546687
4.967459   2.546778
4.970995   2.546866
4.974531   2.546952
4.978066   2.547036
4.981602   2.547117
4.985137   2.547196
4.988673   2.547272
4.992209   2.547346
4.995745   2.547417
4.999280   2.547487
5.002816   2.547553
5.006352   2.547617
5.009887   2.547678
5.013423   2.547738
5.016959   2.547794
5.020494   2.547848
5.024030   2.547900
5.027566   2.547949
5.031102   2.547996
5.034637   2.548040
5.038173   2.548082
5.041709   2.548122
5.045244   2.548159
5.048780   2.548193
5.052316   2.548225
5.055851   2.548255
5.059387   2.548282
5.062923   2.548307
5.066459   2.548330
5.069994   2.548349
5.073530   2.548367
5.077066   2.548382
5.080601   2.548394
5.084137   2.548404
5.087673   2.548412
5.091208   2.548417
5.094744   2.548419
5.098280   2.548420
5.101816   2.548418
5.105351   2.548413
5.108887   2.548406
5.112423   2.548396
5.115958   2.548384
5.119494   2.548370
5.123030   2.548352
5.126565   2.548333
5.130101   2.548311
5.133637   2.548287
5.137173   2.548260
5.140708   2.548231
5.144244   2.548199
5.147780   2.548165
5.151315   2.548129
5.154851   2.548090
5.158387   2.548048
5.161922   2.548004
5.165458   2.547958
5.168994   2.547909
5.172530   2.547858
5.176065   2.547804
5.179601   2.547748
5.183137   2.547689
5.186672   2.547628
5.190208   2.547565
5.193744   2.547499
5.197279   2.547430
5.200815   2.547359
5.204351   2.547286
5.207887   2.547210
5.211422   2.547132
5.214958   2.547051
5.218493   2.546968
5.222029   2.546883
5.225565   2.546795
5.229101   2.546704
5.232636   2.546611
5.236172   2.546515
5.239708   2.546418
5.243244   2.546317
5.246779   2.546214
5.250315   2.546109
5.253850   2.546002
5.257386   2.545892
5.260922   2.545779
5.264458   2.545664
5.267993   2.545546
5.271529   2.545426
5.275065   2.545304
5.278601   2.545179
5.282136   2.545052
5.285672   2.544922
5.289207   2.544790
5.292743   2.544655
5.296279   2.544518
5.299815   2.544378
5.303350   2.544236
5.306886   2.544092
5.310422   2.543945
5.313958   2.543795
5.317493   2.543644
5.321029   2.543489
5.324564   2.543333
5.328100   2.543174
5.331636   2.543012
5.335172   2.542848
5.338707   2.542681
5.342243   2.542512
5.345779   2.542341
5.349315   2.542167
5.352850   2.541990
5.356386   2.541812
5.359921   2.541630
5.363457   2.541447
5.366993   2.541260
5.370529   2.541072
5.374064   2.540881
5.377600   2.540687
5.381136   2.540491
5.384672   2.540293
5.388207   2.540092
5.391743   2.539889
5.395278   2.539683
5.398814   2.539474
5.402350   2.539263
5.405886   2.539050
5.409421   2.538835
5.412957   2.538617
5.416493   2.538396
5.420029   2.538173
5.423564   2.537948
5.427100   2.537720
5.430635   2.537490
5.434171   2.537257
5.437707   2.537022
5.441243   2.536784
5.444778   2.536544
5.448314   2.536301
5.451850   2.536056
5.455386   2.535809
5.458921   2.535559
5.462457   2.535306
5.465992   2.535052
5.469528   2.534794
5.473064   2.534534
5.476600   2.534272
5.480135   2.534008
5.483671   2.533741
5.487207   2.533471
5.490743   2.533199
5.494278   2.532924
5.497814   2.532647
5.501349   2.532368
5.504885   2.532086
5.508421   2.531802
5.511957   2.531515
5.515492   2.531226
5.519028   2.530934
5.522564   2.530640
5.526100   2.530344
5.529635   2.530045
5.533171   2.529743
5.536706   2.529439
5.540242   2.529133
5.543778   2.528824
5.547314   2.528513
5.550849   2.528199
5.554385   2.527883
5.557921   2.527564
5.561457   2.527243
5.564992   2.526920
5.568528   2.526594
5.572063   2.526265
5.575599   2.525934
5.579135   2.525601
5.582671   2.525265
5.586206   2.524927
5.589742   2.524586
5.593278   2.524243
5.596814   2.523897
5.600349   2.523550
5.603885   2.523199
5.607420   2.522846
5.610956   2.522491
5.614492   2.522133
5.618028   2.521772
5.621563   2.521410
5.625099   2.521044
5.628635   2.520677
5.632171   2.520307
5.635706   2.519934
5.639242   2.519559
5.642777   2.519181
5.646313   2.518801
5.649849   2.518419
5.653385   2.518034
5.656920   2.517647
5.660456   2.517257
5.663992   2.516865
5.667528   2.516470
5.671063   2.516073
5.674599   2.515674
5.678134   2.515272
5.681670   2.514867
5.685206   2.514460
5.688742   2.514051
5.692277   2.513639
5.695813   2.513225
5.699349   2.512808
5.702885   2.512389
5.706420   2.511967
5.709956   2.511543
5.713491   2.511117
5.717027   2.510687
5.720563   2.510256
5.724099   2.509822
5.727634   2.509386
5.731170   2.508947
5.734706   2.508506
5.738242   2.508062
5.741777   2.507616
5.745313   2.507167
5.748848   2.506716
5.752384   2.506263
5.755920   2.505806
5.759456   2.505348
5.762991   2.504887
5.766527   2.504424
5.770063   2.503958
5.773599   2.503490
5.777134   2.503019
5.780670   2.502546
5.784205   2.502071
5.787741   2.501592
5.791277   2.501112
5.794813   2.500629
5.798348   2.500144
5.801884   2.499656
5.805420   2.499166
5.808956   2.498672
5.812491   2.498178
5.816027   2.497680
5.819562   2.497180
5.823098   2.496677
5.826634   2.496172
5.830170   2.495665
5.833705   2.495155
5.837241   2.494642
5.840777   2.494128
5.844313   2.493610
5.847848   2.493090
5.851384   2.492568
5.854919   2.492043
5.858455   2.491516
5.861991   2.490987
5.865527   2.490455
5.869062   2.489920
5.872598   2.489383
5.876134   2.488844
5.879669   2.488302
5.883205   2.487758
5.886741   2.487211
5.890276   2.486662
5.893812   2.486110
5.897348   2.485556
5.900884   2.485000
5.904419   2.484441
5.907955   2.483879
5.911491   2.483315
5.915026   2.482749
5.918562   2.482180
5.922098   2.481609
5.925633   2.481035
5.929169   2.480459
5.932705   2.479880
5.936241   2.479300
5.939776   2.478716
5.943312   2.478130
5.946848   2.477541
5.950383   2.476951
5.953919   2.476357
5.957455   2.475762
5.960990   2.475163
5.964526   2.474562
5.968062   2.473959
5.971598   2.473354
5.975133   2.472746
5.978669   2.472135
5.982205   2.471522
5.985740   2.470907
5.989276   2.470289
5.992812   2.469669
5.996347   2.469046
5.999883   2.468421
6.003419   2.467793
6.006955   2.467163
6.010490   2.466530
6.014026   2.465895
6.017562   2.465258
6.021097   2.464618
6.024633   2.463975
6.028169   2.463331
6.031704   2.462683
6.035240   2.462034
6.038776   2.461381
6.042312   2.460727
6.045847   2.460070
6.049383   2.459410
6.052919   2.458748
6.056454   2.458084
6.059990   2.457417
6.063526   2.456748
6.067061   2.456075
6.070597   2.455401
6.074133   2.454725
6.077669   2.454046
6.081204   2.453363
6.084740   2.452680
6.088275   2.451993
6.091811   2.451304
6.095347   2.450613
6.098883   2.449919
6.102418   2.449222
6.105954   2.448524
6.109490   2.447822
6.113026   2.447119
6.116561   2.446412
6.120097   2.445704
6.123632   2.444993
6.127168   2.444279
6.130704   2.443563
6.134240   2.442845
6.137775   2.442124
6.141311   2.441401
6.144847   2.440675
6.148383   2.439947
6.151918   2.439216
6.155454   2.438483
6.158989   2.437747
6.162525   2.437009
6.166061   2.436269
6.169597   2.435525
6.173132   2.434780
6.176668   2.434032
6.180204   2.433282
6.183740   2.432529
6.187275   2.431774
6.190811   2.431016
6.194346   2.430256
6.197882   2.429494
6.201418   2.428729
6.204954   2.427961
6.208489   2.427191
6.212025   2.426419
6.215561   2.425644
6.219097   2.424867
6.222632   2.424087
6.226168   2.423305
6.229703   2.422520
6.233239   2.421733
6.236775   2.420944
6.240311   2.420151
6.243846   2.419357
6.247382   2.418560
6.250918   2.417761
6.254454   2.416959
6.257989   2.416155
6.261525   2.415348
6.265060   2.414539
6.268596   2.413727
6.272132   2.412914
6.275668   2.412097
6.279203   2.411278
6.282739   2.410456
6.286275   2.409633
6.289811   2.408806
6.293346   2.407977
6.296882   2.407146
6.300417   2.406312
6.303953   2.405476
6.307489   2.404638
6.311025   2.403796
6.314560   2.402953
6.318096   2.402107
6.321632   2.401259
6.325168   2.400408
6.328703   2.399554
6.332239   2.398699
6.335774   2.397840
6.339310   2.396980
6.342846   2.396117
6.346382   2.395251
6.349917   2.394383
6.353453   2.393512
6.356989   2.392640
6.360525   2.391764
6.364060   2.390886
6.367596   2.390006
6.371131   2.389123
6.374667   2.388238
6.378203   2.387350
6.381739   2.386460
6.385274   2.385568
6.388810   2.384673
6.392346   2.383775
6.395882   2.382875
6.399417   2.381973
6.402953   2.381068
6.406488   2.380161
6.410024   2.379251
6.413560   2.378339
6.417096   2.377424
6.420631   2.376508
6.424167   2.375588
6.427703   2.374666
6.431239   2.373741
6.434774   2.372814
6.438310   2.371885
6.441845   2.370954
6.445381   2.370019
6.448917   2.369082
6.452453   2.368143
6.455988   2.367201
6.459524   2.366257
6.463060   2.365310
6.466596   2.364362
6.470131   2.363410
6.473667   2.362456
6.477202   2.361500
6.480738   2.360541
6.484274   2.359580
6.487810   2.358616
6.491345   2.357650
6.494881   2.356682
6.498417   2.355710
6.501953   2.354737
6.505488   2.353761
6.509024   2.352783
6.512559   2.351802
6.516095   2.350819
6.519631   2.349832
6.523167   2.348844
6.526702   2.347854
6.530238   2.346861
6.533774   2.345865
6.537310   2.344867
6.540845   2.343866
6.544381   2.342864
6.547916   2.341858
6.551452   2.340851
6.554988   2.339840
6.558524   2.338827
6.562059   2.337812
6.565595   2.336795
6.569131   2.335774
6.572667   2.334752
6.576202   2.333727
6.579738   2.332699
6.583273   2.331669
6.586809   2.330637
6.590345   2.329602
6.593881   2.328565
6.597416   2.327525
6.600952   2.326483
6.604488   2.325438
6.608024   2.324391
6.611559   2.323342
6.615095   2.322290
6.618630   2.321235
6.622166   2.320178
6.625702   2.319119
6.629238   2.318057
6.632773   2.316993
6.636309   2.315926
6.639845   2.314857
6.643381   2.313786
6.646916   2.312711
6.650452   2.311635
6.653987   2.310556
6.657523   2.309475
6.661059   2.308390
6.664595   2.307305
6.668130   2.306216
6.671666   2.305125
6.675202   2.304030
6.678738   2.302935
6.682273   2.301836
6.685809   2.300735
6.689344   2.299632
6.692880   2.298526
6.696416   2.297417
6.699952   2.296306
6.703487   2.295193
6.707023   2.294077
6.710559   2.292959
6.714094   2.291838
6.717630   2.290715
6.721166   2.289590
6.724701   2.288462
6.728237   2.287331
6.731773   2.286198
6.735309   2.285063
6.738844   2.283925
6.742380   2.282785
6.745916   2.281641
6.749451   2.280497
6.752987   2.279349
6.756523   2.278199
6.760058   2.277046
6.763594   2.275891
6.767130   2.274734
6.770666   2.273574
6.774201   2.272412
6.777737   2.271247
6.781273   2.270079
6.784808   2.268909
6.788344   2.267737
6.791880   2.266563
6.795415   2.265386
6.798951   2.264206
6.802487   2.263024
6.806023   2.261840
6.809558   2.260653
6.813094   2.259464
6.816630   2.258272
6.820165   2.257077
6.823701   2.255881
6.827237   2.254682
6.830772   2.253480
6.834308   2.252276
6.837844   2.251069
6.841380   2.249861
6.844915   2.248649
6.848451   2.247435
6.851987   2.246219
6.855522   2.245000
6.859058   2.243779
6.862594   2.242555
6.866129   2.241329
6.869665   2.240100
6.873201   2.238869
6.876737   2.237636
6.880272   2.236400
6.883808   2.235161
6.887344   2.233921
6.890879   2.232677
6.894415   2.231432
6.897951   2.230184
6.901486   2.228933
6.905022   2.227679
6.908558   2.226424
6.912094   2.225166
6.915629   2.223906
6.919165   2.222642
6.922700   2.221377
6.926236   2.220109
6.929772   2.218839
6.933308   2.217566
6.936843   2.216291
6.940379   2.215013
6.943915   2.213733
6.947451   2.212451
6.950986   2.211166
6.954522   2.209878
6.958057   2.208589
6.961593   2.207296
6.965129   2.206002
6.968665   2.204704
6.972200   2.203405
6.975736   2.202102
6.979272   2.200798
6.982808   2.199491
6.986343   2.198181
6.989879   2.196869
6.993414   2.195555
6.996950   2.194238
7.000486   2.192919
7.004022   2.191597
7.007557   2.190273
7.011093   2.188946
7.014629   2.187617
7.018165   2.186285
7.021700   2.184951
7.025236   2.183614
7.028771   2.182276
7.032307   2.180934
7.035843   2.179590
7.039379   2.178244
7.042914   2.176895
7.046450   2.175544
7.049986   2.174190
7.053522   2.172834
7.057057   2.171476
7.060593   2.170114
7.064128   2.168751
7.067664   2.167385
7.071200   2.166016
7.074735   2.164646
7.078270   2.163273
7.081806   2.161897
7.085341   2.160519
7.088876   2.159139
7.092412   2.157755
7.095947   2.156370
7.099482   2.154982
7.103017   2.153592
7.106553   2.152199
7.110088   2.150804
7.113623   2.149406
7.117158   2.148006
7.120694   2.146604
7.124229   2.145199
7.127764   2.143791
7.131299   2.142381
7.134835   2.140969
7.138370   2.139555
7.141906   2.138137
7.145441   2.136717
7.148976   2.135295
7.152512   2.133870
7.156047   2.132443
7.159582   2.131013
7.163117   2.129582
7.166653   2.128147
7.170188   2.126710
7.173723   2.125272
7.177258   2.123830
7.180794   2.122385
7.184329   2.120939
7.187864   2.119489
7.191400   2.118037
7.194935   2.116584
7.198470   2.115127
7.202005   2.113668
7.205541   2.112207
7.209076   2.110743
7.212611   2.109277
7.216146   2.107808
7.219682   2.106336
7.223217   2.104863
7.226752   2.103387
7.230288   2.101908
7.233823   2.100427
7.237358   2.098944
7.240893   2.097458
7.244429   2.095969
7.247964   2.094478
7.251499   2.092985
7.255034   2.091489
7.258570   2.089991
7.262105   2.088490
7.265640   2.086987
7.269176   2.085481
7.272711   2.083974
7.276246   2.082464
7.279781   2.080950
7.283317   2.079435
7.286852   2.077918
7.290387   2.076397
7.293922   2.074874
7.297458   2.073349
7.300993   2.071821
7.304528   2.070292
7.308064   2.068759
7.311599   2.067224
7.315134   2.065687
7.318669   2.064147
7.322205   2.062604
7.325740   2.061059
7.329275   2.059512
7.332810   2.057962
7.336346   2.056411
7.339881   2.054856
7.343416   2.053299
7.346951   2.051739
7.350487   2.050178
7.354022   2.048613
7.357557   2.047046
7.361093   2.045476
7.364628   2.043905
7.368163   2.042330
7.371698   2.040754
7.375234   2.039175
7.378769   2.037593
7.382304   2.036009
7.385840   2.034423
7.389375   2.032834
7.392910   2.031242
7.396446   2.029648
7.399981   2.028052
7.403516   2.026454
7.407052   2.024853
7.410587   2.023249
7.414122   2.021643
7.417657   2.020035
7.421193   2.018423
7.424728   2.016810
7.428263   2.015194
7.431798   2.013575
7.435334   2.011955
7.438869   2.010332
7.442404   2.008706
7.445940   2.007078
7.449475   2.005447
7.453010   2.003814
7.456545   2.002178
7.460081   2.000540
7.463616   1.998900
7.467151   1.997257
7.470686   1.995612
7.474222   1.993964
7.477757   1.992314
7.481292   1.990661
7.484828   1.989006
7.488363   1.987348
7.491898   1.985688
7.495433   1.984026
7.498969   1.982361
7.502504   1.980694
7.506039   1.979024
7.509574   1.977352
7.513110   1.975677
7.516645   1.973999
7.520180   1.972320
7.523715   1.970638
7.527251   1.968953
7.530786   1.967266
7.534321   1.965577
7.537857   1.963885
7.541392   1.962191
7.544927   1.960494
7.548462   1.958794
7.551998   1.957093
7.555533   1.955389
7.559068   1.953682
7.562603   1.951972
7.566139   1.950261
7.569674   1.948547
7.573209   1.946831
7.576745   1.945112
7.580280   1.943391
7.583815   1.941667
7.587350   1.939940
7.590886   1.938212
7.594421   1.936481
7.597956   1.934747
7.601491   1.933011
7.605027   1.931273
7.608562   1.929532
7.612097   1.927788
7.615633   1.926042
7.619168   1.924294
7.622703   1.922543
7.626238   1.920790
7.629774   1.919034
7.633309   1.917277
7.636845   1.915516
7.640380   1.913753
7.643915   1.911987
7.647450   1.910219
7.650986   1.908449
7.654521   1.906676
7.658056   1.904901
7.661592   1.903123
7.665127   1.901343
7.668662   1.899560
7.672197   1.897775
7.675733   1.895988
7.679268   1.894198
7.682803   1.892405
7.686338   1.890610
7.689874   1.888813
7.693409   1.887013
7.696944   1.885210
7.700480   1.883406
7.704015   1.881599
7.707550   1.879789
7.711085   1.877977
7.714621   1.876163
7.718156   1.874346
7.721691   1.872526
7.725226   1.870704
7.728762   1.868880
7.732297   1.867053
7.735832   1.865224
7.739367   1.863392
7.742903   1.861558
7.746438   1.859722
7.749973   1.857882
7.753509   1.856041
7.757044   1.854197
7.760579   1.852351
7.764114   1.850502
7.767650   1.848651
7.771185   1.846797
7.774720   1.844941
7.778255   1.843082
7.781791   1.841221
7.785326   1.839357
7.788861   1.837491
7.792397   1.835622
7.795932   1.833752
7.799467   1.831879
7.803002   1.830003
7.806538   1.828125
7.810073   1.826243
7.813608   1.824360
7.817143   1.822474
7.820679   1.820587
7.824214   1.818696
7.827749   1.816803
7.831285   1.814908
7.834820   1.813010
7.838355   1.811110
7.841890   1.809206
7.845426   1.807302
7.848961   1.805394
7.852496   1.803484
7.856031   1.801571
7.859567   1.799656
7.863102   1.797739
7.866637   1.795818
7.870173   1.793896
7.873708   1.791971
7.877244   1.790044
7.880779   1.788114
7.884314   1.786182
7.887849   1.784247
7.891385   1.782310
7.894920   1.780370
7.898455   1.778429
7.901990   1.776484
7.905526   1.774537
7.909061   1.772587
7.912596   1.770636
7.916131   1.768681
7.919667   1.766724
7.923202   1.764766
7.926737   1.762804
7.930273   1.760840
7.933808   1.758873
7.937343   1.756904
7.940878   1.754933
7.944414   1.752959
7.947949   1.750983
7.951484   1.749004
7.955019   1.747022
7.958555   1.745038
7.962090   1.743053
7.965625   1.741064
7.969161   1.739073
7.972696   1.737080
7.976231   1.735083
7.979766   1.733085
7.983302   1.731084
7.986837   1.729081
7.990372   1.727075
7.993907   1.725066
7.997443   1.723056
8.000978   1.721043
8.004514   1.719027
8.008049   1.717009
8.011584   1.714989
8.015120   1.712965
8.018655   1.710940
8.022190   1.708912
8.025725   1.706882
8.029261   1.704850
8.032796   1.702814
8.036331   1.700777
8.039866   1.698736
8.043402   1.696694
8.046937   1.694649
8.050472   1.692601
8.054008   1.690551
8.057543   1.688498
8.061078   1.686444
8.064613   1.684387
8.068149   1.682327
8.071684   1.680265
8.075219   1.678200
8.078754   1.676133
8.082290   1.674063
8.085825   1.671991
8.089360   1.669917
8.092896   1.667840
8.096431   1.665761
8.099966   1.663679
8.103501   1.661595
8.107037   1.659508
8.110572   1.657419
8.114107   1.655327
8.117642   1.653233
8.121178   1.651137
8.124713   1.649037
8.128248   1.646937
8.131783   1.644833
8.135319   1.642726
8.138854   1.640617
8.142389   1.638506
8.145925   1.636392
8.149460   1.634276
8.152995   1.632158
8.156530   1.630037
8.160066   1.627913
8.163601   1.625787
8.167136   1.623659
8.170671   1.621528
8.174207   1.619395
8.177742   1.617259
8.181277   1.615121
8.184813   1.612980
8.188348   1.610837
8.191883   1.608691
8.195418   1.606543
8.198954   1.604393
8.202489   1.602240
8.206024   1.600085
8.209559   1.597927
8.213095   1.595766
8.216630   1.593603
8.220165   1.591438
8.223701   1.589270
8.227236   1.587101
8.230771   1.584928
8.234306   1.582754
8.237842   1.580576
8.241377   1.578396
8.244912   1.576214
8.248447   1.574029
8.251983   1.571841
8.255518   1.569651
8.259053   1.567460
8.262589   1.565265
8.266124   1.563068
8.269659   1.560869
8.273194   1.558667
8.276730   1.556462
8.280265   1.554255
8.283800   1.552046
8.287335   1.549834
8.290871   1.547620
8.294406   1.545403
8.297941   1.543184
8.301476   1.540963
8.305012   1.538739
8.308547   1.536512
8.312082   1.534283
8.315618   1.532052
8.319153   1.529818
8.322688   1.527581
8.326223   1.525343
8.329759   1.523102
8.333294   1.520858
8.336829   1.518612
8.340364   1.516363
8.343900   1.514112
8.347435   1.511859
8.350970   1.509603
8.354506   1.507344
8.358041   1.505084
8.361576   1.502821
8.365111   1.500555
8.368647   1.498287
8.372182   1.496016
8.375717   1.493743
8.379252   1.491467
8.382788   1.489189
8.386323   1.486909
8.389858   1.484626
8.393394   1.482341
8.396929   1.480053
8.400464   1.477763
8.403999   1.475470
8.407535   1.473175
8.411070   1.470877
8.414605   1.468577
8.418140   1.466274
8.421676   1.463969
8.425211   1.461663
8.428746   1.459353
8.432281   1.457041
8.435817   1.454726
8.439352   1.452408
8.442887   1.450089
8.446423   1.447767
8.449958   1.445442
8.453493   1.443115
8.457028   1.440786
8.460564   1.438454
8.464099   1.436119
8.467634   1.433782
8.471169   1.431443
8.474705   1.429101
8.478240   1.426757
8.481775   1.424410
8.485311   1.422061
8.488847   1.419710
8.492382   1.417356
8.495917   1.414999
8.499453   1.412640
8.502988   1.410279
8.506523   1.407915
8.510058   1.405549
8.513594   1.403180
8.517129   1.400809
8.520664   1.398436
8.524199   1.396060
8.527735   1.393681
8.531270   1.391300
8.534805   1.388917
8.538341   1.386531
8.541876   1.384142
8.545411   1.381752
8.548946   1.379358
8.552482   1.376963
8.556017   1.374565
8.559552   1.372164
8.563087   1.369761
8.566623   1.367355
8.570158   1.364948
8.573693   1.362537
8.577229   1.360124
8.580764   1.357709
8.584299   1.355291
8.587834   1.352872
8.591370   1.350449
8.594905   1.348024
8.598440   1.345596
8.601975   1.343166
8.605511   1.340733
8.609046   1.338298
8.612581   1.335861
8.616117   1.333421
8.619652   1.330979
8.623187   1.328534
8.626722   1.326087
8.630258   1.323638
8.633793   1.321185
8.637328   1.318731
8.640863   1.316274
8.644399   1.313814
8.647934   1.311352
8.651469   1.308888
8.655005   1.306422
8.658540   1.303952
8.662075   1.301481
8.665610   1.299006
8.669146   1.296530
8.672681   1.294050
8.676216   1.291569
8.679751   1.289085
8.683287   1.286598
8.686822   1.284110
8.690357   1.281619
8.693892   1.279125
8.697428   1.276629
8.700963   1.274130
8.704498   1.271629
8.708034   1.269125
8.711569   1.266619
8.715104   1.264110
8.718639   1.261599
8.722175   1.259086
8.725710   1.256571
8.729245   1.254053
8.732780   1.251531
8.736316   1.249008
8.739851   1.246483
8.743386   1.243955
8.746922   1.241424
8.750457   1.238891
8.753992   1.236356
8.757527   1.233818
8.761063   1.231277
8.764598   1.228734
8.768133   1.226189
8.771668   1.223641
8.775204   1.221091
8.778739   1.218539
8.782274   1.215983
8.785810   1.213427
8.789345   1.210866
8.792880   1.208304
8.796415   1.205739
8.799951   1.203172
8.803486   1.200602
8.807021   1.198030
8.810556   1.195455
8.814092   1.192877
8.817627   1.190298
8.821162   1.187716
8.824697   1.185132
8.828233   1.182545
8.831768   1.179955
8.835303   1.177364
8.838839   1.174769
8.842374   1.172172
8.845909   1.169573
8.849444   1.166971
8.852980   1.164367
8.856515   1.161761
8.860050   1.159152
8.863585   1.156540
8.867121   1.153926
8.870656   1.151310
8.874191   1.148691
8.877727   1.146070
8.881262   1.143446
8.884797   1.140820
8.888332   1.138191
8.891868   1.135560
8.895403   1.132927
8.898938   1.130291
8.902473   1.127652
8.906009   1.125011
8.909544   1.122368
8.913079   1.119722
8.916615   1.117074
8.920150   1.114424
8.923685   1.111770
8.927220   1.109114
8.930756   1.106457
8.934291   1.103796
8.937826   1.101133
8.941361   1.098467
8.944897   1.095799
8.948432   1.093129
8.951967   1.090457
8.955503   1.087781
8.959038   1.085104
8.962573   1.082424
8.966108   1.079741
8.969644   1.077056
8.973179   1.074368
8.976715   1.071678
8.980250   1.068986
8.983786   1.066292
8.987321   1.063594
8.990856   1.060894
8.994391   1.058192
8.997927   1.055488
9.001462   1.052780
9.004997   1.050071
9.008533   1.047359
9.012068   1.044644
9.015603   1.041927
9.019138   1.039208
9.022674   1.036486
9.026209   1.033762
9.029744   1.031035
9.033279   1.028306
9.036815   1.025575
9.040350   1.022840
9.043885   1.020103
9.047421   1.017365
9.050956   1.014624
9.054491   1.011880
9.058026   1.009133
9.061562   1.006384
9.065097   1.003633
9.068632   1.000879
9.072167   0.998123
9.075703   0.995364
9.079238   0.992603
9.082773   0.989841
9.086308   0.987074
9.089844   0.984306
9.093379   0.981535
9.096914   0.978762
9.100450   0.975986
9.103985   0.973208
9.107520   0.970427
9.111055   0.967644
9.114591   0.964858
9.118126   0.962071
9.121661   0.959280
9.125196   0.956487
9.128732   0.953692
9.132267   0.950894
9.135802   0.948094
9.139338   0.945291
9.142873   0.942485
9.146408   0.939677
9.149943   0.936868
9.153479   0.934056
9.157014   0.931240
9.160549   0.928422
9.164084   0.925602
9.167620   0.922780
9.171155   0.919956
9.174690   0.917128
9.178226   0.914298
9.181761   0.911467
9.185296   0.908632
9.188831   0.905795
9.192367   0.902955
9.195902   0.900113
9.199437   0.897269
9.202972   0.894422
9.206508   0.891572
9.210043   0.888721
9.213578   0.885867
9.217113   0.883010
9.220649   0.880151
9.224184   0.877289
9.227719   0.874425
9.231255   0.871559
9.234790   0.868690
9.238325   0.865818
9.241860   0.862944
9.245396   0.860068
9.248931   0.857190
9.252466   0.854309
9.256001   0.851425
9.259537   0.848539
9.263072   0.845650
9.266607   0.842759
9.270143   0.839865
9.273678   0.836969
9.277213   0.834071
9.280748   0.831171
9.284284   0.828268
9.287819   0.825362
9.291354   0.822453
9.294889   0.819542
9.298425   0.816629
9.301960   0.813714
9.305495   0.810795
9.309031   0.807875
9.312566   0.804952
9.316101   0.802027
9.319636   0.799100
9.323172   0.796169
9.326707   0.793236
9.330242   0.790301
9.333777   0.787364
9.337313   0.784424
9.340848   0.781480
9.344383   0.778536
9.347919   0.775589
9.351454   0.772639
9.354989   0.769686
9.358524   0.766732
9.362060   0.763775
9.365595   0.760814
9.369130   0.757852
9.372665   0.754888
9.376201   0.751920
9.379736   0.748952
9.383271   0.745980
9.386806   0.743006
9.390342   0.740028
9.393877   0.737049
9.397412   0.734068
9.400948   0.731083
9.404483   0.728097
9.408018   0.725107
9.411553   0.722115
9.415089   0.719122
9.418624   0.716125
9.422159   0.713127
9.425694   0.710125
9.429230   0.707122
9.432765   0.704115
9.436300   0.701106
9.439836   0.698095
9.443371   0.695082
9.446906   0.692066
9.450441   0.689048
9.453977   0.686027
9.457512   0.683002
9.461047   0.679976
9.464582   0.676948
9.468119   0.673918
9.471654   0.670884
9.475189   0.667849
9.478724   0.664811
9.482260   0.661770
9.485795   0.658727
9.489330   0.655682
9.492866   0.652634
9.496401   0.649583
9.499936   0.646530
9.503471   0.643475
9.507007   0.640417
9.510542   0.637357
9.514077   0.634295
9.517612   0.631229
9.521148   0.628161
9.524683   0.625092
9.528218   0.622019
9.531754   0.618944
9.535289   0.615867
9.538824   0.612786
9.542359   0.609704
9.545895   0.606620
9.549430   0.603533
9.552965   0.600443
9.556500   0.597351
9.560036   0.594257
9.563571   0.591159
9.567106   0.588060
9.570642   0.584958
9.574177   0.581853
9.577712   0.578747
9.581247   0.575638
9.584783   0.572526
9.588318   0.569412
9.591853   0.566295
9.595388   0.563176
9.598924   0.560055
9.602459   0.556931
9.605994   0.553804
9.609529   0.550676
9.613065   0.547545
9.616600   0.544411
9.620135   0.541274
9.623671   0.538136
9.627206   0.534994
9.630741   0.531850
9.634276   0.528705
9.637812   0.525556
9.641347   0.522405
9.644882   0.519252
9.648417   0.516096
9.651953   0.512938
9.655488   0.509777
9.659023   0.506614
9.662559   0.503448
9.666094   0.500280
9.669629   0.497109
9.673164   0.493936
9.676700   0.490761
9.680235   0.487584
9.683770   0.484403
9.687305   0.481220
9.690841   0.478034
9.694376   0.474847
9.697911   0.471656
9.701447   0.468463
9.704982   0.465269
9.708517   0.462072
9.712052   0.458871
9.715588   0.455669
9.719123   0.452465
9.722658   0.449256
9.726193   0.446047
9.729729   0.442834
9.733264   0.439620
9.736799   0.436403
9.740335   0.433183
9.743870   0.429962
9.747405   0.426737
9.750940   0.423510
9.754476   0.420280
9.758011   0.417048
9.761546   0.413814
9.765081   0.410577
9.768617   0.407338
9.772152   0.404096
9.775687   0.400853
9.779222   0.397606
9.782758   0.394357
9.786293   0.391105
9.789828   0.387851
9.793364   0.384595
9.796899   0.381336
9.800434   0.378074
9.803969   0.374811
9.807505   0.371545
9.811040   0.368276
9.814575   0.365005
9.818110   0.361732
9.821646   0.358455
9.825181   0.355178
9.828716   0.351896
9.832252   0.348612
9.835787   0.345327
9.839322   0.342039
9.842857   0.338749
9.846393   0.335456
9.849928   0.332160
9.853463   0.328861
9.856998   0.325560
9.860534   0.322258
9.864069   0.318952
9.867604   0.315644
9.871140   0.312334
9.874675   0.309022
9.878210   0.305707
9.881745   0.302389
9.885281   0.299068
9.888816   0.295746
9.892351   0.292420
9.895886   0.289093
9.899422   0.285763
9.902957   0.282430
9.906492   0.279096
9.910028   0.275759
9.913563   0.272419
9.917098   0.269077
9.920633   0.265732
9.924169   0.262385
9.927704   0.259035
9.931239   0.255683
9.934774   0.252329
9.938310   0.248972
9.941845   0.245613
9.945380   0.242251
9.948915   0.238887
9.952451   0.235519
9.955987   0.232151
9.959522   0.228779
9.963058   0.225405
9.966593   0.222028
9.970128   0.218649
9.973663   0.215268
9.977199   0.211884
9.980734   0.208498
9.984269   0.205109
9.987804   0.201717
9.991340   0.198324
9.994875   0.194927
9.998410   0.191529
10.001945   0.188128
10.005481   0.184725
10.009016   0.181318
10.012551   0.177910
10.016087   0.174500
10.019622   0.171086
10.023157   0.167670
10.026692   0.164251
10.030228   0.160831
10.033763   0.157408
10.037298   0.153982
10.040833   0.150555
10.044369   0.147124
10.047904   0.143691
10.051439   0.140256
10.054975   0.136818
10.058510   0.133377
10.062045   0.129934
10.065580   0.126490
10.069116   0.123041
10.072651   0.119592
10.076186   0.116140
10.079721   0.112684
10.083257   0.109227
10.086792   0.105767
10.090327   0.102305
10.093863   0.098840
10.097398   0.095372
10.100933   0.091902
10.104468   0.088431
10.108004   0.084956
10.111539   0.081479
10.115074   0.077999
10.118609   0.074518
10.122145   0.071033
10.125680   0.067546
10.129215   0.064057
10.132751   0.060564
10.136286   0.057070
10.139821   0.053574
10.143356   0.050075
10.146892   0.046573
10.150427   0.043069
10.153962   0.039563
10.157497   0.036054
10.161033   0.032543
10.164568   0.029028
10.168103   0.025512
10.171638   0.021994
10.175174   0.018472
10.178709   0.014948
10.182244   0.011423
10.185780   0.007894
10.189315   0.004363
10.192850   0.000829
10.196385   -0.002707
