-0.000000   0.000999
-0.000000   0.001995
-0.000000   0.002989
-0.000000   0.003980
-0.000000   0.004969
-0.000000   0.005956
-0.000000   0.006940
-0.000000   0.007922
-0.000000   0.008901
-0.000000   0.009877
-0.000000   0.010852
-0.000000   0.011823
-0.000000   0.012793
-0.000000   0.013760
-0.000000   0.014724
-0.000000   0.015686
-0.000000   0.016646
-0.000000   0.017603
-0.000000   0.018557
-0.000000   0.019510
-0.000000   0.020459
-0.000000   0.021406
-0.000000   0.022351
-0.000000   0.023294
-0.000000   0.024234
-0.000000   0.025171
-0.000000   0.026106
-0.000000   0.027039
-0.000000   0.027969
-0.000000   0.028896
-0.000000   0.029822
-0.000000   0.030744
-0.000000   0.031665
-0.000000   0.032582
-0.000000   0.033498
-0.000000   0.034411
-0.000000   0.035321
-0.000000   0.036229
-0.000000   0.037135
-0.000000   0.038038
-0.000000   0.038939
-0.000000   0.039837
-0.000000   0.040733
-0.000000   0.041626
-0.000000   0.042517
-0.000000   0.043405
-0.000000   0.044291
-0.000000   0.045175
-0.000000   0.046056
-0.000000   0.046934
-0.000000   0.047810
-0.000000   0.048684
-0.000000   0.049555
-0.000000   0.050424
-0.000000   0.051291
-0.000000   0.052154
-0.000000   0.053016
-0.000000   0.053875
-0.000000   0.054731
-0.000000   0.055585
-0.000000   0.056437
-0.000000   0.057286
-0.000000   0.058133
-0.000000   0.058977
-0.000000   0.059819
-0.000000   0.060658
-0.000000   0.061495
-0.000000   0.062330
-0.000000   0.063162
-0.000000   0.063991
-0.000000   0.064818
-0.000000   0.065643
-0.000000   0.066465
-0.000000   0.067285
-0.000000   0.068102
-0.000000   0.068917
-0.000000   0.069730
-0.000000   0.070539
-0.000000   0.071347
-0.000000   0.072152
-0.000000   0.072955
-0.000000   0.073755
-0.000000   0.074552
-0.000000   0.075348
-0.000000   0.076140
-0.000000   0.076931
-0.000000   0.077719
-0.000000   0.078504
-0.000000   0.079287
-0.000000   0.080067
-0.000000   0.080845
-0.000000   0.081621
-0.000000   0.082394
-0.000000   0.083165
-0.000000   0.083933
-0.000000   0.084699
-0.000000   0.085462
-0.000000   0.086223
-0.000000   0.086982
-0.000000   0.087738
-0.000000   0.088491
-0.000000   0.089242
-0.000000   0.089991
-0.000000   0.090737
-0.000000   0.091481
-0.000000   0.092222
-0.000000   0.092961
-0.000000   0.093697
-0.000000   0.094431
-0.000000   0.095162
-0.000000   0.095891
-0.000000   0.096618
-0.000000   0.097342
-0.000000   0.098064
-0.000000   0.098783
-0.000000   0.099500
-0.000000   0.100214
-0.000000   0.100926
-0.000000   0.101635
-0.000000   0.102342
-0.000000   0.103047
-0.000000   0.103749
-0.000000   0.104448
-0.000000   0.105145
-0.000000   0.105840
-0.000000   0.106532
-0.000000   0.107222
-0.000000   0.107909
-0.000000   0.108594
-0.000000   0.109276
-0.000000   0.109956
-0.000000   0.110634
-0.000000   0.111309
-0.000000   0.111982
-0.000000   0.112652
-0.000000   0.113319
-0.000000   0.113985
-0.000000   0.114647
-0.000000   0.115308
-0.000000   0.115966
-0.000000   0.116621
-0.000000   0.117274
-0.000000   0.117924
-0.000000   0.118573
-0.000000   0.119218
-0.000000   0.119861
-0.000000   0.120502
-0.000000   0.121140
-0.000000   0.121776
-0.000000   0.122409
-0.000000   0.123040
-0.000000   0.123669
-0.000000   0.124295
-0.000000   0.124918
-0.000000   0.125539
-0.000000   0.126158
-0.000000   0.126774
-0.000000   0.127388
-0.000000   0.127999
-0.000000   0.128608
-0.000000   0.129214
-0.000000   0.129818
-0.000000   0.130420
-0.000000   0.131019
-0.000000   0.131615
-0.000000   0.132210
-0.000000   0.132801
-0.000000   0.133390
-0.000000   0.133977
-0.000000   0.134561
-0.000000   0.135143
-0.000000   0.135723
-0.000000   0.136300
-0.000000   0.136874
-0.000000   0.137446
-0.000000   0.138016
-0.000000   0.138583
-0.000000   0.139148
-0.000000   0.139710
-0.000000   0.140270
-0.000000   0.140827
-0.000000   0.141382
-0.000000   0.141934
-0.000000   0.142484
-0.000000   0.143032
-0.000000   0.143577
-0.000000   0.144119
-0.000000   0.144660
-0.000000   0.145197
-0.000000   0.145732
-0.000000   0.146265
-0.000000   0.146796
-0.000000   0.147324
-0.000000   0.147849
-0.000000   0.148372
-0.000000   0.148892
-0.000000   0.149411
-0.000000   0.149926
-0.000000   0.150439
-0.000000   0.150950
-0.000000   0.151458
-0.000000   0.151964
-0.000000   0.152468
-0.000000   0.152968
-0.000000   0.153467
-0.000000   0.153963
-0.000000   0.154457
-0.000000   0.154948
-0.000000   0.155436
-0.000000   0.155922
-0.000000   0.156406
-0.000000   0.156888
-0.000000   0.157366
-0.000000   0.157843
-0.000000   0.158317
-0.000000   0.158788
-0.000000   0.159257
-0.000000   0.159724
-0.000000   0.160188
-0.000000   0.160650
-0.000000   0.161109
-0.000000   0.161566
-0.000000   0.162020
-0.000000   0.162472
-0.000000   0.162921
-0.000000   0.163368
-0.000000   0.163813
-0.000000   0.164255
-0.000000   0.164694
-0.000000   0.165131
-0.000000   0.165566
-0.000000   0.165998
-0.000000   0.166428
-0.000000   0.166856
-0.000000   0.167280
-0.000000   0.167703
-0.000000   0.168123
-0.000000   0.168540
-0.000000   0.168955
-0.000000   0.169368
-0.000000   0.169778
-0.000000   0.170186
-0.000000   0.170591
-0.000000   0.170994
-0.000000   0.171394
-0.000000   0.171792
-0.000000   0.172188
-0.000000   0.172581
-0.000000   0.172971
-0.000000   0.173359
-0.000000   0.173745
-0.000000   0.174128
-0.000000   0.174509
-0.000000   0.174887
-0.000000   0.175263
-0.000000   0.175637
-0.000000   0.176007
-0.000000   0.176376
-0.000000   0.176742
-0.000000   0.177106
-0.000000   0.177467
-0.000000   0.177825
-0.000000   0.178182
-0.000000   0.178535
-0.000000   0.178887
-0.000000   0.179235
-0.000000   0.179582
-0.000000   0.179926
-0.000000   0.180267
-0.000000   0.180606
-0.000000   0.180943
-0.000000   0.181277
-0.000000   0.181609
-0.000000   0.181938
-0.000000   0.182265
-0.000000   0.182589
-0.000000   0.182911
-0.000000   0.183230
-0.000000   0.183547
-0.000000   0.183862
-0.000000   0.184174
-0.000000   0.184484
-0.000000   0.184791
-0.000000   0.185096
-0.000000   0.185398
-0.000000   0.185698
-0.000000   0.185995
-0.000000   0.186290
-0.000000   0.186582
-0.000000   0.186872
-0.000000   0.187160
-0.000000   0.187445
-0.000000   0.187728
-0.000000   0.188008
-0.000000   0.188286
-0.000000   0.188561
-0.000000   0.188834
-0.000000   0.189104
-0.000000   0.189372
-0.000000   0.189637
-0.000000   0.189900
-0.000000   0.190161
-0.000000   0.190419
-0.000000   0.190675
-0.000000   0.190928
-0.000000   0.191179
-0.000000   0.191427
-0.000000   0.191673
-0.000000   0.191916
-0.000000   0.192157
-0.000000   0.192396
-0.000000   0.192632
-0.000000   0.192865
-0.000000   0.193097
-0.000000   0.193325
-0.000000   0.193551
-0.000000   0.193775
-0.000000   0.193997
-0.000000   0.194215
-0.000000   0.194432
-0.000000   0.194646
-0.000000   0.194857
-0.000000   0.195066
-0.000000   0.195273
-0.000000   0.195477
-0.000000   0.195679
-0.000000   0.195878
-0.000000   0.196075
-0.000000   0.196269
-0.000000   0.196461
-0.000000   0.196651
-0.000000   0.196838
-0.000000   0.197022
-0.000000   0.197204
-0.000000   0.197384
-0.000000   0.197561
-0.000000   0.197736
-0.000000   0.197908
-0.000000   0.198078
-0.000000   0.198245
-0.000000   0.198410
-0.000000   0.198573
-0.000000   0.198733
-0.000000   0.198890
-0.000000   0.199045
-0.000000   0.199198
-0.000000   0.199348
-0.000000   0.199496
-0.000000   0.199641
-0.000000   0.199784
-0.000000   0.199925
-0.000000   0.200063
-0.000000   0.200198
-0.000000   0.200331
-0.000000   0.200462
-0.000000   0.200590
-0.000000   0.200716
-0.000000   0.200839
-0.000000   0.200960
-0.000000   0.201078
-0.000000   0.201194
-0.000000   0.201307
-0.000000   0.201418
-0.000000   0.201527
-0.000000   0.201633
-0.000000   0.201736
-0.000000   0.201837
-0.000000   0.201936
-0.000000   0.202032
-0.000000   0.202126
-0.000000   0.202218
-0.000000   0.202307
-0.000000   0.202393
-0.000000   0.202477
-0.000000   0.202558
-0.000000   0.202638
-0.000000   0.202714
-0.000000   0.202788
-0.000000   0.202860
-0.000000   0.202929
-0.000000   0.202996
-0.000000   0.203061
-0.000000   0.203123
-0.000000   0.203182
-0.000000   0.203239
-0.000000   0.203294
-0.000000   0.203346
-0.000000   0.203395
-0.000000   0.203443
-0.000000   0.203487
-0.000000   0.203530
-0.000000   0.203569
-0.000000   0.203607
-0.000000   0.203642
-0.000000   0.203674
-0.000000   0.203704
-0.000000   0.203732
-0.000000   0.203757
-0.000000   0.203780
-0.000000   0.203800
-0.000000   0.203818
-0.000000   0.203833
-0.000000   0.203846
-0.000000   0.203856
-0.000000   0.203864
-0.000000   0.203870
-0.000000   0.203873
-0.000000   0.203874
-0.000000   0.203872
-0.000000   0.203867
-0.000000   0.203861
-0.000000   0.203851
-0.000000   0.203840
-0.000000   0.203826
-0.000000   0.203809
-0.000000   0.203790
-0.000000   0.203769
-0.000000   0.203745
-0.000000   0.203718
-0.000000   0.203690
-0.000000   0.203658
-0.000000   0.203625
-0.000000   0.203588
-0.000000   0.203550
-0.000000   0.203509
-0.000000   0.203465
-0.000000   0.203419
-0.000000   0.203371
-0.000000   0.203320
-0.000000   0.203266
-0.000000   0.203211
-0.000000   0.203152
-0.000000   0.203092
-0.000000   0.203029
-0.000000   0.202963
-0.000000   0.202895
-0.000000   0.202824
-0.000000   0.202751
-0.000000   0.202676
-0.000000   0.202598
-0.000000   0.202518
-0.000000   0.202435
-0.000000   0.202350
-0.000000   0.202262
-0.000000   0.202172
-0.000000   0.202079
-0.000000   0.201984
-0.000000   0.201887
-0.000000   0.201787
-0.000000   0.201685
-0.000000   0.201580
-0.000000   0.201472
-0.000000   0.201363
-0.000000   0.201250
-0.000000   0.201136
-0.000000   0.201019
-0.000000   0.200899
-0.000000   0.200777
-0.000000   0.200653
-0.000000   0.200526
-0.000000   0.200396
-0.000000   0.200265
-0.000000   0.200130
-0.000000   0.199994
-0.000000   0.199854
-0.000000   0.199713
-0.000000   0.199569
-0.000000   0.199422
-0.000000   0.199273
-0.000000   0.199122
-0.000000   0.198968
-0.000000   0.198812
-0.000000   0.198653
-0.000000   0.198491
-0.000000   0.198328
-0.000000   0.198162
-0.000000   0.197993
-0.000000   0.197822
-0.000000   0.197648
-0.000000   0.197472
-0.000000   0.197294
-0.000000   0.197113
-0.000000   0.196930
-0.000000   0.196744
-0.000000   0.196556
-0.000000   0.196365
-0.000000   0.196172
-0.000000   0.195976
-0.000000   0.195778
-0.000000   0.195578
-0.000000   0.195375
-0.000000   0.195170
-0.000000   0.194962
-0.000000   0.194751
-0.000000   0.194539
-0.000000   0.194323
-0.000000   0.194106
-0.000000   0.193886
-0.000000   0.193663
-0.000000   0.193438
-0.000000   0.193211
-0.000000   0.192981
-0.000000   0.192748
-0.000000   0.192514
-0.000000   0.192276
-0.000000   0.192037
-0.000000   0.191794
-0.000000   0.191550
-0.000000   0.191303
-0.000000   0.191053
-0.000000   0.190801
-0.000000   0.190547
-0.000000   0.190290
-0.000000   0.190030
-0.000000   0.189769
-0.000000   0.189504
-0.000000   0.189238
-0.000000   0.188969
-0.000000   0.188697
-0.000000   0.188423
-0.000000   0.188146
-0.000000   0.187867
-0.000000   0.187586
-0.000000   0.187302
-0.000000   0.187016
-0.000000   0.186727
-0.000000   0.186436
-0.000000   0.186142
-0.000000   0.185846
-0.000000   0.185547
-0.000000   0.185246
-0.000000   0.184943
-0.000000   0.184637
-0.000000   0.184328
-0.000000   0.184018
-0.000000   0.183704
-0.000000   0.183389
-0.000000   0.183070
-0.000000   0.182750
-0.000000   0.182427
-0.000000   0.182101
-0.000000   0.181773
-0.000000   0.181443
-0.000000   0.181110
-0.000000   0.180774
-0.000000   0.180436
-0.000000   0.180096
-0.000000   0.179753
-0.000000   0.179408
-0.000000   0.179061
-0.000000   0.178710
-0.000000   0.178358
-0.000000   0.178003
-0.000000   0.177646
-0.000000   0.177286
-0.000000   0.176923
-0.000000   0.176558
-0.000000   0.176191
-0.000000   0.175822
-0.000000   0.175449
-0.000000   0.175075
-0.000000   0.174698
-0.000000   0.174318
-0.000000   0.173936
-0.000000   0.173552
-0.000000   0.173165
-0.000000   0.172776
-0.000000   0.172384
-0.000000   0.171990
-0.000000   0.171593
-0.000000   0.171194
-0.000000   0.170792
-0.000000   0.170388
-0.000000   0.169982
-0.000000   0.169573
-0.000000   0.169161
-0.000000   0.168747
-0.000000   0.168331
-0.000000   0.167912
-0.000000   0.167491
-0.000000   0.167067
-0.000000   0.166641
-0.000000   0.166213
-0.000000   0.165782
-0.000000   0.165348
-0.000000   0.164912
-0.000000   0.164474
-0.000000   0.164033
-0.000000   0.163590
-0.000000   0.163144
-0.000000   0.162696
-0.000000   0.162245
-0.000000   0.161792
-0.000000   0.161337
-0.000000   0.160879
-0.000000   0.160418
-0.000000   0.159955
-0.000000   0.159490
-0.000000   0.159022
-0.000000   0.158552
-0.000000   0.158079
-0.000000   0.157604
-0.000000   0.157126
-0.000000   0.156646
-0.000000   0.156164
-0.000000   0.155679
-0.000000   0.155191
-0.000000   0.154702
-0.000000   0.154209
-0.000000   0.153714
-0.000000   0.153217
-0.000000   0.152718
-0.000000   0.152215
-0.000000   0.151711
-0.000000   0.151204
-0.000000   0.150694
-0.000000   0.150182
-0.000000   0.149668
-0.000000   0.149151
-0.000000   0.148632
-0.000000   0.148110
-0.000000   0.147586
-0.000000   0.147059
-0.000000   0.146530
-0.000000   0.145998
-0.000000   0.145464
-0.000000   0.144928
-0.000000   0.144389
-0.000000   0.143848
-0.000000   0.143304
-0.000000   0.142758
-0.000000   0.142209
-0.000000   0.141658
-0.000000   0.141104
-0.000000   0.140548
-0.000000   0.139989
-0.000000   0.139428
-0.000000   0.138865
-0.000000   0.138299
-0.000000   0.137731
-0.000000   0.137160
-0.000000   0.136587
-0.000000   0.136011
-0.000000   0.135433
-0.000000   0.134852
-0.000000   0.134269
-0.000000   0.133684
-0.000000   0.133096
-0.000000   0.132505
-0.000000   0.131912
-0.000000   0.131317
-0.000000   0.130719
-0.000000   0.130119
-0.000000   0.129516
-0.000000   0.128911
-0.000000   0.128303
-0.000000   0.127693
-0.000000   0.127081
-0.000000   0.126466
-0.000000   0.125849
-0.000000   0.125229
-0.000000   0.124606
-0.000000   0.123982
-0.000000   0.123354
-0.000000   0.122725
-0.000000   0.122093
-0.000000   0.121458
-0.000000   0.120821
-0.000000   0.120182
-0.000000   0.119540
-0.000000   0.118895
-0.000000   0.118248
-0.000000   0.117599
-0.000000   0.116947
-0.000000   0.116293
-0.000000   0.115637
-0.000000   0.114977
-0.000000   0.114316
-0.000000   0.113652
-0.000000   0.112985
-0.000000   0.112317
-0.000000   0.111645
-0.000000   0.110971
-0.000000   0.110295
-0.000000   0.109616
-0.000000   0.108935
-0.000000   0.108252
-0.000000   0.107566
-0.000000   0.106877
-0.000000   0.106186
-0.000000   0.105493
-0.000000   0.104797
-0.000000   0.104098
-0.000000   0.103398
-0.000000   0.102694
-0.000000   0.101989
-0.000000   0.101281
-0.000000   0.100570
-0.000000   0.099857
-0.000000   0.099141
-0.000000   0.098423
-0.000000   0.097703
-0.000000   0.096980
-0.000000   0.096255
-0.000000   0.095527
-0.000000   0.094797
-0.000000   0.094064
-0.000000   0.093329
-0.000000   0.092591
-0.000000   0.091851
-0.000000   0.091109
-0.000000   0.090364
-0.000000   0.089617
-0.000000   0.088867
-0.000000   0.088115
-0.000000   0.087360
-0.000000   0.086603
-0.000000   0.085843
-0.000000   0.085081
-0.000000   0.084316
-0.000000   0.083549
-0.000000   0.082780
-0.000000   0.082008
-0.000000   0.081234
-0.000000   0.080457
-0.000000   0.079678
-0.000000   0.078896
-0.000000   0.078112
-0.000000   0.077325
-0.000000   0.076536
-0.000000   0.075744
-0.000000   0.074950
-0.000000   0.074154
-0.000000   0.073355
-0.000000   0.072554
-0.000000   0.071750
-0.000000   0.070944
-0.000000   0.070135
-0.000000   0.069324
-0.000000   0.068510
-0.000000   0.067694
-0.000000   0.066876
-0.000000   0.066055
-0.000000   0.065231
-0.000000   0.064406
-0.000000   0.063577
-0.000000   0.062746
-0.000000   0.061913
-0.000000   0.061078
-0.000000   0.060239
-0.000000   0.059399
-0.000000   0.058556
-0.000000   0.057710
-0.000000   0.056862
-0.000000   0.056012
-0.000000   0.055159
-0.000000   0.054304
-0.000000   0.053446
-0.000000   0.052586
-0.000000   0.051723
-0.000000   0.050858
-0.000000   0.049991
-0.000000   0.049121
-0.000000   0.048248
-0.000000   0.047373
-0.000000   0.046496
-0.000000   0.045616
-0.000000   0.044734
-0.000000   0.043849
-0.000000   0.042962
-0.000000   0.042072
-0.000000   0.041180
-0.000000   0.040286
-0.000000   0.039389
-0.000000   0.038489
-0.000000   0.037587
-0.000000   0.036683
-0.000000   0.035776
-0.000000   0.034867
-0.000000   0.033955
-0.000000   0.033041
-0.000000   0.032125
-0.000000   0.031206
-0.000000   0.030284
-0.000000   0.029360
-0.000000   0.028434
-0.000000   0.027505
-0.000000   0.026573
-0.000000   0.025640
-0.000000   0.024704
-0.000000   0.023765
-0.000000   0.022824
-0.000000   0.021880
-0.000000   0.020934
-0.000000   0.019986
-0.000000   0.019035
-0.000000   0.018081
-0.000000   0.017125
-0.000000   0.016167
-0.000000   0.015206
-0.000000   0.014243
-0.000000   0.013278
-0.000000   0.012309
-0.000000   0.011339
-0.000000   0.010366
-0.000000   0.009390
-0.000000   0.008413
-0.000000   0.007432
-0.000000   0.006449
-0.000000   0.005464
-0.000000   0.004476
-0.000000   0.003486
-0.000000   0.002494
-0.000000   0.001499
-0.000000   0.000501
-0.000000   -0.000499
